-4.9563762474660500e+00  4.8888668558454187e+00
-4.9825856212633282e+00  4.9393472668366494e+00
-4.8490949406163271e+00  4.8859583732271776e+00
-4.4989125730160771e+00  4.6376104936670970e+00
-4.1945694066750185e+00  4.3420879445587239e+00
-3.7894324779925688e+00  4.1782835291825915e+00
-3.3636560239288169e+00  4.0798852129172047e+00
-2.9277278337070642e+00  4.0493167577885520e+00
-2.4923857556322249e+00  4.0873311305499875e+00
-2.0683532008072505e+00  4.1929919554926798e+00
-1.6507036273662641e+00  4.2680351310174913e+00
-1.2577402739532109e+00  4.0559930607464292e+00
-9.8604014669316620e-01  3.7016470751090211e+00
-8.8323705189962587e-01  3.2671202515510953e+00
-9.6735417842864990e-01  2.8285927772521973e+00